radius:10.000000   
fov_h:170.000000  
fov_v:100.000000  
d_angle_h:0.177083    
d_angle_v:0.156250    
