fx:184.752090  fy:239.999985  cx:340.000000  cy:380.000000  
fxi:0.005413    fyi:0.004167    cxi:-1.840304   cyi:-1.583333   
fov_h:120.000000  fov_v:90.000000   
dst_width:640         dst_height:480         
matrix_rowoffset:140         matrix_coloffset:20          
