<?xml version="1.0"?>
<opencv_storage>
<calibration_time>"2019年01月24日 星期四 13时34分03秒"</calibration_time>
<nr_of_frames>10</nr_of_frames>
<image_width>1280</image_width>
<image_height>720</image_height>
<board_width>10</board_width>
<board_height>6</board_height>
<square_size>23.</square_size>
<fix_aspect_ratio>1.</fix_aspect_ratio>
<!-- flags: +fix_skew +recompute_extrinsic -->
<flags>14</flags>
<fisheye_model>1</fisheye_model>
<camera_matrix type_id="opencv-matrix">
  <rows>3</rows>
  <cols>3</cols>
  <dt>d</dt>
  <data>
    3.4226159905610155e+02 0. 6.2890131624979870e+02 0.
    3.3953614972431467e+02 3.5929095552526337e+02 0. 0. 1.</data></camera_matrix>
<distortion_coefficients type_id="opencv-matrix">
  <rows>4</rows>
  <cols>1</cols>
  <dt>d</dt>
  <data>
    -5.3841914763093773e-03 6.2675623305203931e-02
    -1.8209582108237546e-02 7.8416790521684885e-04</data></distortion_coefficients>
<avg_reprojection_error>3.9655200319774109e-01</avg_reprojection_error>
<per_view_reprojection_errors type_id="opencv-matrix">
  <rows>10</rows>
  <cols>1</cols>
  <dt>f</dt>
  <data>
    3.28191489e-01 3.92306894e-01 4.52821851e-01 3.66045922e-01
    5.15535891e-01 3.62573475e-01 4.51077819e-01 3.44688058e-01
    3.15949947e-01 3.90565127e-01</data></per_view_reprojection_errors>
</opencv_storage>
