<?xml version="1.0"?>
<opencv_storage>
<calibration_time>"2019年03月23日 星期六 16时52分29秒"</calibration_time>
<nr_of_frames>10</nr_of_frames>
<image_width>1280</image_width>
<image_height>720</image_height>
<board_width>10</board_width>
<board_height>6</board_height>
<square_size>23.</square_size>
<fix_aspect_ratio>1.</fix_aspect_ratio>
<!-- flags: +fix_skew +recompute_extrinsic -->
<flags>14</flags>
<fisheye_model>1</fisheye_model>
<camera_matrix type_id="opencv-matrix">
  <rows>3</rows>
  <cols>3</cols>
  <dt>d</dt>
  <data>
    3.3733664356341887e+02 0. 6.4033231379300503e+02 0.
    3.3662898606261541e+02 3.5790339893251058e+02 0. 0. 1.</data></camera_matrix>
<distortion_coefficients type_id="opencv-matrix">
  <rows>4</rows>
  <cols>1</cols>
  <dt>d</dt>
  <data>
    5.8594667052763796e-03 4.9978342762806230e-02
    -1.1087455276234474e-02 -5.2189960623524379e-04</data></distortion_coefficients>
<avg_reprojection_error>5.5425515882312082e-01</avg_reprojection_error>
<per_view_reprojection_errors type_id="opencv-matrix">
  <rows>10</rows>
  <cols>1</cols>
  <dt>f</dt>
  <data>
    5.78980803e-01 5.70177197e-01 6.10569417e-01 4.30975467e-01
    5.40233970e-01 6.55805647e-01 4.62095052e-01 6.00962102e-01
    5.85668147e-01 4.62064683e-01</data></per_view_reprojection_errors>
</opencv_storage>
