<?xml version="1.0"?>
<opencv_storage>


<run_directory> /home/liuli/test/calibration_tool/transform/lut_MG_10_31_40/</run_directory>

<!-- 前相机内参和畸变 -->
<front_K type_id="opencv-matrix">
    <rows>3</rows>
    <cols>3</cols>
    <dt>d</dt>
    <data>
        3.3792790259741565e+02 0. 6.4239725949336810e+02 0.
        3.3841002747929309e+02 3.5918443481289449e+02 0. 0. 1.</data></front_K>

<front_D type_id="opencv-matrix">
    <rows>4</rows>
    <cols>1</cols>
    <dt>d</dt>
    <data>
        3.6523302170558907e-03 3.6909351788225311e-02 3.5397690738520004e-03
        -4.4521376162575087e-03 </data></front_D>

<!-- 后相机内参和畸变 -->
<back_K type_id="opencv-matrix">
    <rows>3</rows>
    <cols>3</cols>
    <dt>d</dt>
    <data>
        3.3733664356341876e+02 0. 6.4033231379300491e+02 0.
        3.3662898606261530e+02 3.5790339893251058e+02 0. 0. 1.</data></back_K>

<back_D type_id="opencv-matrix">
    <rows>4</rows>
    <cols>1</cols>
    <dt>d</dt>
    <data>
        5.8594667052770570e-03 4.9978342762804849e-02
        -1.1087455276233508e-02 -5.2189960623545966e-04</data></back_D>

<!-- 左相机内参和畸变 -->
<left_K type_id="opencv-matrix">
    <rows>3</rows>
    <cols>3</cols>
    <dt>d</dt>
    <data>
        3.3862265433664857e+02 0. 6.4045222393291237e+02 0.
        3.3659723463528900e+02 3.5190133673220436e+02 0. 0. 1.</data></left_K>

<left_D type_id="opencv-matrix">
    <rows>4</rows>
    <cols>1</cols>
    <dt>d</dt>
    <data>
        -8.1433533722874134e-03 6.9047891683040624e-02
        -1.9662597099195430e-02 9.0012291987904853e-04</data></left_D>

<!-- 右相机内参和畸变 -->
<right_K type_id="opencv-matrix">
    <rows>3</rows>
    <cols>3</cols>
    <dt>d</dt>
    <data>
        3.3549733952714138e+02 0. 6.4364414584930512e+02 0.
        3.3387153224101741e+02 3.4977791343692911e+02 0. 0. 1.</data></right_K>

<right_D type_id="opencv-matrix">
    <rows>4</rows>
    <cols>1</cols>
    <dt>d</dt>
    <data>
        6.8185716869402190e-03 5.2506781644085732e-02
        -1.1456734234064752e-02 -6.1769844260934454e-04</data></right_D>



<!-- 前相机外参 -->
<front_trans type_id="opencv-matrix">
    <rows>3</rows>
    <cols>4</cols>
    <dt>d</dt>
    <data>
        0.998801782   -0.032557087   -0.036538147  137.876551061
	-0.048588656   -0.570568272   -0.819811558 2473.833474806
	0.005843169    0.820604584   -0.571466512 -2638.512097608</data></front_trans>

<!-- 后相机外参 -->
<back_trans type_id="opencv-matrix">
    <rows>3</rows>
    <cols>4</cols>
    <dt>d</dt>
    <data>
	 -0.999733953    0.009049745   -0.021216139  124.518929463
    	 0.022762969    0.535611599   -0.844157605   1270.652089933
   	 0.003724199   -0.844415962   -0.535675100   -331.350561003</data></back_trans>


<!-- 左相机外参 -->
<left_trans type_id="opencv-matrix">
    <rows>3</rows>
    <cols>4</cols>
    <dt>d</dt>
    <data>
	0.028394339    0.999189374    0.028536947 -1931.302726974
	0.700938161    0.000450866   -0.713221909 1357.458599552
	-0.712656619    0.040254100   -0.700357159 -114.549811394</data></left_trans>

<!-- 右相机外参 -->
<right_trans type_id="opencv-matrix">
    <rows>3</rows>
    <cols>4</cols>
    <dt>d</dt>
    <data>
	   -0.075482622   -0.997065444   -0.012762184 1997.068284660
	   -0.676544790    0.060611445   -0.733902855 1226.690842821
	    0.732522710   -0.046762723   -0.679134542   25.243927360</data></right_trans>


<!-- 汽车标志颜色 -->
<B>0</B>
<G>0</G>
<R>0</R>

<!-- 透视矩阵偏移量  -->
<matrix_rowoffset>170</matrix_rowoffset>
<matrix_coloffset>50</matrix_coloffset>

<!-- 前后左右视野 -->
<front_word_view>8000</front_word_view>

<rear_world_view>8000</rear_world_view>

<left_world_view>9404</left_world_view>

<right_world_view>9404</right_world_view>
<!--<right_world_view>9404</right_world_view>-->


<!-- 汽车宽度 -->
<car_world_width>1804</car_world_width>
<!-- 汽车长度 -->
<car_world_height>4612</car_world_height>
<!-- 后轴中心到车前距离 -->
<car_axle_coord>3594</car_axle_coord>


<!-- 俯视展开左侧像素的高度-->
<left_pixel_height>512</left_pixel_height>


<!-- 透视标注用物理范围框,具体数值以相机为坐标原点,相机离坐标原点，车辆后轴中心在y轴上的距离 -->
<right_cam_height_y>1928</right_cam_height_y>

<left_cam_height_y>1928</left_cam_height_y>

<!-- front 以相机位置位坐标原点，光心往外为y正方向,相机往右前方向为x正方向 -->
<front_projective_lefttop_x>-1970</front_projective_lefttop_x>

<front_projective_lefttop_y>965</front_projective_lefttop_y>

<front_projective_leftbut_x>-1970</front_projective_leftbut_x>

<front_projective_leftbut_y>365</front_projective_leftbut_y>

<front_projective_righttop_x>1970</front_projective_righttop_x>

<front_projective_righttop_y>965</front_projective_righttop_y>

<front_projective_rightbut_x>1970</front_projective_rightbut_x>

<front_projective_rightbut_y>365</front_projective_rightbut_y>

<!-- rear 以相机位置位坐标原点，光心往外为y正方向,相机往右前方向为x正方向 -->
<rear_projective_lefttop_x>-1970</rear_projective_lefttop_x>

<rear_projective_lefttop_y>965</rear_projective_lefttop_y>

<rear_projective_leftbut_x>-1970</rear_projective_leftbut_x>

<rear_projective_leftbut_y>365</rear_projective_leftbut_y>

<rear_projective_righttop_x>1970</rear_projective_righttop_x>

<rear_projective_righttop_y>965</rear_projective_righttop_y>

<rear_projective_rightbut_x>1970</rear_projective_rightbut_x>

<rear_projective_rightbut_y>365</rear_projective_rightbut_y>

<!-- left 以相机位置位坐标原点，光心往外为x正方向,相机往车前方向为y正方向 -->
<left_projective_lefttop_x>1050</left_projective_lefttop_x>

<left_projective_lefttop_y>-1050</left_projective_lefttop_y>

<left_projective_leftbut_x>450</left_projective_leftbut_x>

<left_projective_leftbut_y>-1050</left_projective_leftbut_y>

<left_projective_righttop_x>1050</left_projective_righttop_x>

<left_projective_righttop_y>1760</left_projective_righttop_y>

<left_projective_rightbut_x>450</left_projective_rightbut_x>

<left_projective_rightbut_y>1760</left_projective_rightbut_y>

<!-- right 以相机位置坐标原点，光心往外为x正方向,相机往车前方向为y正方向 -->
    <right_projective_lefttop_x>1050</right_projective_lefttop_x>

    <right_projective_lefttop_y>1070</right_projective_lefttop_y>

    <right_projective_leftbut_x>450</right_projective_leftbut_x>

    <right_projective_leftbut_y>1070</right_projective_leftbut_y>

    <right_projective_righttop_x>1050</right_projective_righttop_x>

    <right_projective_righttop_y>-1050</right_projective_righttop_y>

    <right_projective_rightbut_x>450</right_projective_rightbut_x>

    <right_projective_rightbut_y>-1050</right_projective_rightbut_y>


</opencv_storage>
