fx:320.000000  fy:286.020844  cx:310.000000  cy:389.999969  
fxi:0.003125    fyi:0.003496    cxi:-0.968750   cyi:-1.363537   
fov_h:90.000000   fov_v:80.000000   
dst_width:640         dst_height:480         
matrix_rowoffset:150         matrix_coloffset:-10         
