fx:184.752090  fy:239.999985  cx:320.000000  cy:310.000000  
fxi:0.005413    fyi:0.004167    cxi:-1.732051   cyi:-1.291667   
fov_h:120.000000  fov_v:90.000000   
dst_width:640         dst_height:480         
matrix_rowoffset:70          matrix_coloffset:0           
