fx:184.752090  fy:239.999985  cx:370.000000  cy:410.000000  
fxi:0.005413    fyi:0.004167    cxi:-2.002684   cyi:-1.708333   
