<?xml version="1.0"?>
<opencv_storage>
<calibration_time>"2019年03月26日 星期二 10时01分59秒"</calibration_time>
<nr_of_frames>18</nr_of_frames>
<image_width>1280</image_width>
<image_height>720</image_height>
<board_width>10</board_width>
<board_height>6</board_height>
<square_size>23.</square_size>
<fix_aspect_ratio>1.</fix_aspect_ratio>
<!-- flags: +fix_skew +recompute_extrinsic -->
<flags>14</flags>
<fisheye_model>1</fisheye_model>
<camera_matrix type_id="opencv-matrix">
  <rows>3</rows>
  <cols>3</cols>
  <dt>d</dt>
  <data>
    3.3729731742770866e+02 0. 6.3494122272647508e+02 0.
    3.3655356441820425e+02 3.6261419268645665e+02 0. 0. 1.</data></camera_matrix>
<distortion_coefficients type_id="opencv-matrix">
  <rows>4</rows>
  <cols>1</cols>
  <dt>d</dt>
  <data>
    -1.1148589441512358e-02 7.2904578077311363e-02
    -2.2875503787943580e-02 1.5598892172773049e-03</data></distortion_coefficients>
<avg_reprojection_error>2.5949350999541959e-01</avg_reprojection_error>
<per_view_reprojection_errors type_id="opencv-matrix">
  <rows>18</rows>
  <cols>1</cols>
  <dt>f</dt>
  <data>
    2.04151556e-01 2.00410590e-01 2.86251396e-01 2.59761721e-01
    2.56640702e-01 2.79053748e-01 2.78426588e-01 2.53415406e-01
    1.98912218e-01 2.42332086e-01 2.49231890e-01 2.91684240e-01
    2.79823631e-01 2.84374207e-01 2.09639758e-01 1.98684588e-01
    2.22056493e-01 3.97415161e-01</data></per_view_reprojection_errors>
</opencv_storage>
