<?xml version="1.0"?>
<opencv_storage>
<calibration_time>"2019年03月26日 星期二 10时30分00秒"</calibration_time>
<nr_of_frames>18</nr_of_frames>
<image_width>1280</image_width>
<image_height>720</image_height>
<board_width>10</board_width>
<board_height>6</board_height>
<square_size>23.</square_size>
<fix_aspect_ratio>1.</fix_aspect_ratio>
<!-- flags: +fix_skew +recompute_extrinsic -->
<flags>14</flags>
<fisheye_model>1</fisheye_model>
<camera_matrix type_id="opencv-matrix">
  <rows>3</rows>
  <cols>3</cols>
  <dt>d</dt>
  <data>
    3.3782609337123159e+02 0. 6.2993153101200107e+02 0.
    3.3695489402676424e+02 3.6133854543599830e+02 0. 0. 1.</data></camera_matrix>
<distortion_coefficients type_id="opencv-matrix">
  <rows>4</rows>
  <cols>1</cols>
  <dt>d</dt>
  <data>
    -1.4341802193737152e-02 7.7042867331227394e-02
    -2.5339522349100033e-02 1.9844995837323479e-03</data></distortion_coefficients>
<avg_reprojection_error>2.7267544047485787e-01</avg_reprojection_error>
<per_view_reprojection_errors type_id="opencv-matrix">
  <rows>18</rows>
  <cols>1</cols>
  <dt>f</dt>
  <data>
    2.27516025e-01 2.49612778e-01 3.64231080e-01 2.55062908e-01
    2.09359676e-01 2.80868471e-01 2.13818997e-01 2.19797462e-01
    2.60394871e-01 2.04554722e-01 2.97212571e-01 2.93579489e-01
    2.53776312e-01 2.39443094e-01 2.24269450e-01 2.29098544e-01
    3.23655009e-01 4.43115532e-01</data></per_view_reprojection_errors>
</opencv_storage>
