<?xml version="1.0"?>
<opencv_storage>


<version_name> 0 </version_name>    <!-- 新版更改外参矩阵顺序 liuli[01/14] -->
<run_directory> /home/liuli/calibration_tool/transform/LUT/lut_BYDQIN_2019_02_15/</run_directory>

<!-- 前相机内参和畸变 -->
<front_K type_id="opencv-matrix">
    <rows>3</rows>
    <cols>3</cols>
    <dt>d</dt>
    <data>
        340.154360785    0.000000000  647.892721004
        0.000000000  338.320212802  361.511811561
        0.000000000    0.000000000    1.000000000</data></front_K>

<front_D type_id="opencv-matrix">
    <rows>4</rows>
    <cols>1</cols>
    <dt>d</dt>
    <data>
        -0.020538371
        0.085123214
        -0.029821770
        0.002971580 </data></front_D>

<!-- 后相机内参和畸变 -->
<back_K type_id="opencv-matrix">
    <rows>3</rows>
    <cols>3</cols>
    <dt>d</dt>
    <data>
        337.954742396    0.000000000  642.455661163
        0.000000000  336.487836363  362.982625552
        0.000000000    0.000000000    1.000000000</data></back_K>

<back_D type_id="opencv-matrix">
    <rows>4</rows>
    <cols>1</cols>
    <dt>d</dt>
    <data>
        -0.024068324
        0.084213186
        -0.025358690
        0.001661423</data></back_D>

<!-- 左相机内参和畸变 -->
<left_K type_id="opencv-matrix">
    <rows>3</rows>
    <cols>3</cols>
    <dt>d</dt>
    <data>
        334.001383426    0.000000000  643.823681913
        0.000000000  333.389827361  363.200958982
        0.000000000    0.000000000    1.000000000</data></left_K>

<left_D type_id="opencv-matrix">
    <rows>4</rows>
    <cols>1</cols>
    <dt>d</dt>
    <data>
        -0.019841062
        0.081879227
        -0.027052135
        0.002430992</data></left_D>

<!-- 右相机内参和畸变 -->
<right_K type_id="opencv-matrix">
    <rows>3</rows>
    <cols>3</cols>
    <dt>d</dt>
    <data>
        334.198593444    0.000000000  652.507138639
        0.000000000  333.972583707  356.917043009
        0.000000000    0.000000000    1.000000000</data></right_K>

<right_D type_id="opencv-matrix">
    <rows>4</rows>
    <cols>1</cols>
    <dt>d</dt>
    <data>
        -0.008119932
        0.068443970
        -0.020031068
        0.001056470</data></right_D>



<!-- 前相机外参 -->
<front_trans type_id="opencv-matrix">
    <rows>3</rows>
    <cols>4</cols>
    <dt>d</dt>
    <data>
    0.998534513   -0.052170301   -0.014390498  199.370480143
        -0.034918491   -0.417929484   -0.907808154 2099.774897255
        0.041346411    0.906980268   -0.419138722 -3056.951635892</data></front_trans>

<!-- 后相机外参 -->
<back_trans type_id="opencv-matrix">
    <rows>3</rows>
    <cols>4</cols>
    <dt>d</dt>
    <data>
        -0.999867298   -0.015649816   -0.004524436  -32.290218708
        -0.003218937    0.462049958   -0.886848056 1351.785346305
        0.015969524   -0.886715805   -0.462039019 -318.028393370</data></back_trans>


<!-- 左相机外参 -->
<left_trans type_id="opencv-matrix">
    <rows>3</rows>
    <cols>4</cols>
    <dt>d</dt>
    <data>
        -0.031995650    0.999480876   -0.003775941 -2150.446638357
        0.691655067    0.019413927   -0.721967013 1316.111528963
        -0.721518916   -0.025711452   -0.691917173   58.006392932</data></left_trans>

<!-- 右相机外参 -->
<right_trans type_id="opencv-matrix">
    <rows>3</rows>
    <cols>4</cols>
    <dt>d</dt>
    <data>
        -0.006378604   -0.999960983    0.006111182 2104.045766268
        -0.690070520   -0.000021235   -0.723742135 1390.939042151
        0.723714026   -0.008833611   -0.690043459   48.625007246</data></right_trans>


<!-- 汽车标志颜色 -->
<B>0</B>
<G>0</G>
<R>0</R>

    <!--是否进行双线性插值-->
<DEBUG_bilinear>0</DEBUG_bilinear>

<!-- 透视矩阵偏移量  -->
<front_matrix_rowoffset>100</front_matrix_rowoffset>
<front_matrix_coloffset>100</front_matrix_coloffset>

<rear_matrix_rowoffset>10</rear_matrix_rowoffset>
<rear_matrix_coloffset>100</rear_matrix_coloffset>

<left_matrix_rowoffset>0</left_matrix_rowoffset>
<left_matrix_coloffset>50</left_matrix_coloffset>

<right_matrix_rowoffset>70</right_matrix_rowoffset>
<right_matrix_coloffset>0</right_matrix_coloffset>

<!-- 前后左右视野 -->
<front_word_view>7938</front_word_view>

<rear_world_view>7938</rear_world_view>

<left_world_view>9423</left_world_view>

<right_world_view>9423</right_world_view>


<!-- 汽车宽度 -->
<car_world_width>1770</car_world_width>
<!-- 汽车长度 -->
<car_world_height>4740</car_world_height>
<!-- 后轴中心到车前距离 -->
<car_axle_coord>3690</car_axle_coord>


<!-- 俯视展开左侧像素的高度-->
<left_pixel_height>512</left_pixel_height>


<!-- 透视标注用物理范围框,具体数值以相机为坐标原点,相机离坐标原点，车辆后轴中心在y轴上的距离 -->
<right_cam_height_y>1928</right_cam_height_y>

<left_cam_height_y>1928</left_cam_height_y>

<!-- front 以相机位置位坐标原点，光心往外为y正方向,相机往右前方向为x正方向 -->
<front_projective_lefttop_x>-1970</front_projective_lefttop_x>

<front_projective_lefttop_y>965</front_projective_lefttop_y>

<front_projective_leftbut_x>-1970</front_projective_leftbut_x>

<front_projective_leftbut_y>365</front_projective_leftbut_y>

<front_projective_righttop_x>1970</front_projective_righttop_x>

<front_projective_righttop_y>965</front_projective_righttop_y>

<front_projective_rightbut_x>1970</front_projective_rightbut_x>

<front_projective_rightbut_y>365</front_projective_rightbut_y>

<!-- rear 以相机位置位坐标原点，光心往外为y正方向,相机往右前方向为x正方向 -->
<rear_projective_lefttop_x>-1970</rear_projective_lefttop_x>

<rear_projective_lefttop_y>965</rear_projective_lefttop_y>

<rear_projective_leftbut_x>-1970</rear_projective_leftbut_x>

<rear_projective_leftbut_y>365</rear_projective_leftbut_y>

<rear_projective_righttop_x>1970</rear_projective_righttop_x>

<rear_projective_righttop_y>965</rear_projective_righttop_y>

<rear_projective_rightbut_x>1970</rear_projective_rightbut_x>

<rear_projective_rightbut_y>365</rear_projective_rightbut_y>

<!-- left 以相机位置位坐标原点，光心往外为x正方向,相机往车前方向为y正方向 -->
<left_projective_lefttop_x>1050</left_projective_lefttop_x>

<left_projective_lefttop_y>-1050</left_projective_lefttop_y>

<left_projective_leftbut_x>450</left_projective_leftbut_x>

<left_projective_leftbut_y>-1050</left_projective_leftbut_y>

<left_projective_righttop_x>1050</left_projective_righttop_x>

<left_projective_righttop_y>1760</left_projective_righttop_y>

<left_projective_rightbut_x>450</left_projective_rightbut_x>

<left_projective_rightbut_y>1760</left_projective_rightbut_y>

<!-- right 以相机位置坐标原点，光心往外为x正方向,相机往车前方向为y正方向 -->
    <right_projective_lefttop_x>1050</right_projective_lefttop_x>

    <right_projective_lefttop_y>1070</right_projective_lefttop_y>

    <right_projective_leftbut_x>450</right_projective_leftbut_x>

    <right_projective_leftbut_y>1070</right_projective_leftbut_y>

    <right_projective_righttop_x>1050</right_projective_righttop_x>

    <right_projective_righttop_y>-1050</right_projective_righttop_y>

    <right_projective_rightbut_x>450</right_projective_rightbut_x>

    <right_projective_rightbut_y>-1050</right_projective_rightbut_y>


</opencv_storage>
