<?xml version="1.0"?>
<opencv_storage>


<version_name> 0 </version_name>     <!-- 0 : 相机和外参顺序顺序不一致；1：顺序一致-->
<run_directory> /home/liuli/calibration_tool/transform/LUT/lut_RW_01_15/</run_directory>

<!-- 前相机内参和畸变 -->
<front_K type_id="opencv-matrix">
    <rows>3</rows>
    <cols>3</cols>
    <dt>d</dt>
    <data>
        333.180419054 0. 636.684322417 0.
        332.314087991 360.313633388 0. 0. 1.</data></front_K>

<front_D type_id="opencv-matrix">
    <rows>4</rows>
    <cols>1</cols>
    <dt>d</dt>
    <data>
        -0.001968674
        0.060082512
        -0.015807751
        0.000346027 </data></front_D>

<!-- 后相机内参和畸变 -->
<back_K type_id="opencv-matrix">
    <rows>3</rows>
    <cols>3</cols>
    <dt>d</dt>
    <data>
        337.221766485    0.000000000  650.892356598
        0.000000000  336.175390611  361.520523408
        0.000000000    0.000000000    1.000000000</data></back_K>

<back_D type_id="opencv-matrix">
    <rows>4</rows>
    <cols>1</cols>
    <dt>d</dt>
    <data>
        -0.024370396
        0.087358785
        -0.028875572
        0.002538414</data></back_D>

<!-- 左相机内参和畸变 -->
<left_K type_id="opencv-matrix">
    <rows>3</rows>
    <cols>3</cols>
    <dt>d</dt>
    <data>
        336.430085340    0.000000000  633.702012678
        0.000000000  335.446348112  358.002600339
        0.000000000    0.000000000    1.000000000</data></left_K>

<left_D type_id="opencv-matrix">
    <rows>4</rows>
    <cols>1</cols>
    <dt>d</dt>
    <data>
        -0.012295642
        0.073325909
        -0.023136585
        0.001682698</data></left_D>

<!-- 右相机内参和畸变 -->
<right_K type_id="opencv-matrix">
    <rows>3</rows>
    <cols>3</cols>
    <dt>d</dt>
    <data>
        337.954742396    0.000000000  642.455661163
        0.000000000  336.487836363  362.982625552
        0.000000000    0.000000000    1.000000000</data></right_K>

<right_D type_id="opencv-matrix">
    <rows>4</rows>
    <cols>1</cols>
    <dt>d</dt>
    <data>
        -0.024068324
        0.084213186
        -0.025358690
        0.001661423</data></right_D>



<!-- 前相机外参 -->
<front_trans type_id="opencv-matrix">
    <rows>3</rows>
    <cols>4</cols>
    <dt>d</dt>
    <data>
        0.999905009    0.013622975    0.002094411  -41.226335253
        0.008468558   -0.487336284   -0.873173310 2315.616899810
        -0.010874535    0.873108104   -0.487405359 -2897.711719242</data></front_trans>

<!-- 后相机外参 -->
<back_trans type_id="opencv-matrix">
    <rows>3</rows>
    <cols>4</cols>
    <dt>d</dt>
    <data>
        -0.999853252    0.016818882    0.003255618  -48.729083842
        0.003812669    0.403745935   -0.914863205 1043.805556619
        -0.016701419   -0.914716538   -0.403750811 -632.997552258</data></back_trans>


<!-- 左相机外参 -->
<left_trans type_id="opencv-matrix">
    <rows>3</rows>
    <cols>4</cols>
    <dt>d</dt>
    <data>
        -0.021164881    0.999718653   -0.010708068 -1836.960087400
        0.758259775    0.009070553   -0.651889437 1476.770513800
        -0.651608902   -0.021916659   -0.758238418  176.521634851</data></left_trans>

<!-- 右相机外参 -->
<right_trans type_id="opencv-matrix">
    <rows>3</rows>
    <cols>4</cols>
    <dt>d</dt>
    <data>
        -0.024171078   -0.999700756    0.003762548 1849.848206083
        -0.742941798    0.015444512   -0.669177817 1432.363773412
        0.668919460   -0.018970103   -0.743092788  168.163047905</data></right_trans>


<!-- 汽车标志颜色 -->
<B>0</B>
<G>0</G>
<R>0</R>

    <!--是否进行双线性插值-->
<DEBUG_bilinear>0</DEBUG_bilinear>

<!-- 透视矩阵偏移量  -->
<front_matrix_rowoffset>100</front_matrix_rowoffset>
<front_matrix_coloffset>100</front_matrix_coloffset>

<rear_matrix_rowoffset>10</rear_matrix_rowoffset>
<rear_matrix_coloffset>100</rear_matrix_coloffset>

<left_matrix_rowoffset>0</left_matrix_rowoffset>
<left_matrix_coloffset>50</left_matrix_coloffset>

<right_matrix_rowoffset>70</right_matrix_rowoffset>
<right_matrix_coloffset>0</right_matrix_coloffset>

<!-- 前后左右视野 -->
<front_word_view>7967</front_word_view>

<rear_world_view>7967</rear_world_view>

<left_world_view>9347</left_world_view>

<right_world_view>9347</right_world_view>


<!-- 汽车宽度 -->
<car_world_width>1919</car_world_width>
<!-- 汽车长度 -->
<car_world_height>4678</car_world_height>
<!-- 后轴中心到车前距离 -->
<car_axle_coord>3752</car_axle_coord>


<!-- 俯视展开左侧像素的高度-->
<left_pixel_height>512</left_pixel_height>


<!-- 透视标注用物理范围框,具体数值以相机为坐标原点,相机离坐标原点，车辆后轴中心在y轴上的距离 -->
<right_cam_height_y>1928</right_cam_height_y>

<left_cam_height_y>1928</left_cam_height_y>

<!-- front 以相机位置位坐标原点，光心往外为y正方向,相机往右前方向为x正方向 -->
<front_projective_lefttop_x>-1970</front_projective_lefttop_x>

<front_projective_lefttop_y>965</front_projective_lefttop_y>

<front_projective_leftbut_x>-1970</front_projective_leftbut_x>

<front_projective_leftbut_y>365</front_projective_leftbut_y>

<front_projective_righttop_x>1970</front_projective_righttop_x>

<front_projective_righttop_y>965</front_projective_righttop_y>

<front_projective_rightbut_x>1970</front_projective_rightbut_x>

<front_projective_rightbut_y>365</front_projective_rightbut_y>

<!-- rear 以相机位置位坐标原点，光心往外为y正方向,相机往右前方向为x正方向 -->
<rear_projective_lefttop_x>-1970</rear_projective_lefttop_x>

<rear_projective_lefttop_y>965</rear_projective_lefttop_y>

<rear_projective_leftbut_x>-1970</rear_projective_leftbut_x>

<rear_projective_leftbut_y>365</rear_projective_leftbut_y>

<rear_projective_righttop_x>1970</rear_projective_righttop_x>

<rear_projective_righttop_y>965</rear_projective_righttop_y>

<rear_projective_rightbut_x>1970</rear_projective_rightbut_x>

<rear_projective_rightbut_y>365</rear_projective_rightbut_y>

<!-- left 以相机位置位坐标原点，光心往外为x正方向,相机往车前方向为y正方向 -->
<left_projective_lefttop_x>1050</left_projective_lefttop_x>

<left_projective_lefttop_y>-1050</left_projective_lefttop_y>

<left_projective_leftbut_x>450</left_projective_leftbut_x>

<left_projective_leftbut_y>-1050</left_projective_leftbut_y>

<left_projective_righttop_x>1050</left_projective_righttop_x>

<left_projective_righttop_y>1760</left_projective_righttop_y>

<left_projective_rightbut_x>450</left_projective_rightbut_x>

<left_projective_rightbut_y>1760</left_projective_rightbut_y>

<!-- right 以相机位置坐标原点，光心往外为x正方向,相机往车前方向为y正方向 -->
    <right_projective_lefttop_x>1050</right_projective_lefttop_x>

    <right_projective_lefttop_y>1070</right_projective_lefttop_y>

    <right_projective_leftbut_x>450</right_projective_leftbut_x>

    <right_projective_leftbut_y>1070</right_projective_leftbut_y>

    <right_projective_righttop_x>1050</right_projective_righttop_x>

    <right_projective_righttop_y>-1050</right_projective_righttop_y>

    <right_projective_rightbut_x>450</right_projective_rightbut_x>

    <right_projective_rightbut_y>-1050</right_projective_rightbut_y>


</opencv_storage>
