<?xml version="1.0"?>
<opencv_storage>
<version_name> 1 </version_name>     <!-- 0 : 相机和外参顺序顺序不一致；1：顺序一致-->
<!-- 前相机内参和畸变 -->
<front_K type_id="opencv-matrix">
    <rows>3</rows>
    <cols>3</cols>
    <dt>d</dt>
    <data>
        3.3792790259741565e+02 0. 6.4239725949336810e+02 0.
        3.3841002747929309e+02 3.5918443481289449e+02 0. 0. 1.</data></front_K>

<front_D type_id="opencv-matrix">
    <rows>4</rows>
    <cols>1</cols>
    <dt>d</dt>
    <data>
        3.6523302170558907e-03 3.6909351788225311e-02 3.5397690738520004e-03
        -4.4521376162575087e-03 </data></front_D>

<!-- 后相机内参和畸变 -->
<back_K type_id="opencv-matrix">
    <rows>3</rows>
    <cols>3</cols>
    <dt>d</dt>
    <data>
        3.3733664356341876e+02 0. 6.4033231379300491e+02 0.
        3.3662898606261530e+02 3.5790339893251058e+02 0. 0. 1.</data></back_K>

<back_D type_id="opencv-matrix">
    <rows>4</rows>
    <cols>1</cols>
    <dt>d</dt>
    <data>
        5.8594667052770570e-03 4.9978342762804849e-02
        -1.1087455276233508e-02 -5.2189960623545966e-04</data></back_D>

<!-- 左相机内参和畸变 -->
<left_K type_id="opencv-matrix">
    <rows>3</rows>
    <cols>3</cols>
    <dt>d</dt>
    <data>
        3.3943905114658321e+02 0. 6.4801908375872836e+02 0.
        3.3822788066081466e+02 3.5717347654801910e+02 0. 0. 1.</data></left_K>

<left_D type_id="opencv-matrix">
    <rows>4</rows>
    <cols>1</cols>
    <dt>d</dt>
    <data>
        -3.0403566681597690e-03 5.9336984747408443e-02
        -1.5036853277880414e-02 1.8789173134869862e-04</data></left_D>

<!-- 右相机内参和畸变 -->
<right_K type_id="opencv-matrix">
    <rows>3</rows>
    <cols>3</cols>
    <dt>d</dt>
    <data>
        3.3549733952714138e+02 0. 6.4364414584930512e+02 0.
        3.3387153224101741e+02 3.4977791343692911e+02 0. 0. 1.</data></right_K>

<right_D type_id="opencv-matrix">
    <rows>4</rows>
    <cols>1</cols>
    <dt>d</dt>
    <data>
        6.8185716869402190e-03 5.2506781644085732e-02
        -1.1456734234064752e-02 -6.1769844260934454e-04</data></right_D>



<!-- 前相机外参 -->
<front_trans type_id="opencv-matrix">
    <rows>3</rows>
    <cols>4</cols>
    <dt>d</dt>
    <data>
        0.998870187    0.032700455   -0.034482313 -108.034815568
        -0.008022948   -0.599151039   -0.800595818 2565.423851155
        -0.046839961    0.799967945   -0.598211757 -2556.312244570</data></front_trans>

<!-- 后相机外参 -->
<back_trans type_id="opencv-matrix">
    <rows>3</rows>
    <cols>4</cols>
    <dt>d</dt>
    <data>
        -0.998919141    0.041991326   -0.019931821  118.604286098
        0.036500812    0.443146605   -0.895705743 1246.160079513
        -0.028779153   -0.895465139   -0.444200343 -402.851320172</data></back_trans>


<!-- 左相机外参 -->
<left_trans type_id="opencv-matrix">
    <rows>3</rows>
    <cols>4</cols>
    <dt>d</dt>
    <data>
        -0.013315251    0.999859531    0.010179524 -1973.989746019
        0.697958009    0.016583811   -0.715946642 1300.397130027
        -0.716014889   -0.002428129   -0.698080785   -4.005256688</data></left_trans>

<!-- 右相机外参 -->
<right_trans type_id="opencv-matrix">
    <rows>3</rows>
    <cols>4</cols>
    <dt>d</dt>
    <data>
        -0.094407751   -0.995332006   -0.020034347 2029.950387740
        -0.688097900    0.079783342   -0.721218343 1183.748580670
        0.719450107   -0.054303010   -0.692418029   42.604745896</data></right_trans>


<!-- 汽车标志颜色 -->
<B>0</B>
<G>0</G>
<R>0</R>

<!-- 透视矩阵偏移量  -->
<matrix_rowoffset>170</matrix_rowoffset>
<matrix_coloffset>50</matrix_coloffset>

<!-- 前后左右视野 -->
<front_word_view>8000</front_word_view>

<rear_world_view>8000</rear_world_view>

<left_world_view>8000</left_world_view>

<right_world_view>8000</right_world_view>


<!-- 汽车宽度 -->
<car_world_width>1804</car_world_width>
<!-- 汽车长度 -->
<car_world_height>4612</car_world_height>
<!-- 后轴中心到车前距离 -->
<car_axle_coord>3594</car_axle_coord>


<!-- 俯视展开左侧像素的高度-->
<left_pixel_height>720</left_pixel_height>


<!-- 透视标注用物理范围框,具体数值以相机为坐标原点,相机离坐标原点，车辆后轴中心在y轴上的距离 -->
<right_cam_height_y>1928</right_cam_height_y>

<left_cam_height_y>1928</left_cam_height_y>

<!-- front 以相机位置位坐标原点，光心往外为y正方向,相机往右前方向为x正方向 -->
<front_projective_lefttop_x>-1970</front_projective_lefttop_x>

<front_projective_lefttop_y>965</front_projective_lefttop_y>

<front_projective_leftbut_x>-1970</front_projective_leftbut_x>

<front_projective_leftbut_y>365</front_projective_leftbut_y>

<front_projective_righttop_x>1970</front_projective_righttop_x>

<front_projective_righttop_y>965</front_projective_righttop_y>

<front_projective_rightbut_x>1970</front_projective_rightbut_x>

<front_projective_rightbut_y>365</front_projective_rightbut_y>

<!-- rear 以相机位置位坐标原点，光心往外为y正方向,相机往右前方向为x正方向 -->
<rear_projective_lefttop_x>-1970</rear_projective_lefttop_x>

<rear_projective_lefttop_y>965</rear_projective_lefttop_y>

<rear_projective_leftbut_x>-1970</rear_projective_leftbut_x>

<rear_projective_leftbut_y>365</rear_projective_leftbut_y>

<rear_projective_righttop_x>1970</rear_projective_righttop_x>

<rear_projective_righttop_y>965</rear_projective_righttop_y>

<rear_projective_rightbut_x>1970</rear_projective_rightbut_x>

<rear_projective_rightbut_y>365</rear_projective_rightbut_y>

<!-- left 以相机位置位坐标原点，光心往外为x正方向,相机往车前方向为y正方向 -->
<left_projective_lefttop_x>1050</left_projective_lefttop_x>

<left_projective_lefttop_y>-1050</left_projective_lefttop_y>

<left_projective_leftbut_x>450</left_projective_leftbut_x>

<left_projective_leftbut_y>-1050</left_projective_leftbut_y>

<left_projective_righttop_x>1050</left_projective_righttop_x>

<left_projective_righttop_y>1760</left_projective_righttop_y>

<left_projective_rightbut_x>450</left_projective_rightbut_x>

<left_projective_rightbut_y>1760</left_projective_rightbut_y>

<!-- right 以相机位置坐标原点，光心往外为x正方向,相机往车前方向为y正方向 -->
    <right_projective_lefttop_x>1050</right_projective_lefttop_x>

    <right_projective_lefttop_y>1070</right_projective_lefttop_y>

    <right_projective_leftbut_x>450</right_projective_leftbut_x>

    <right_projective_leftbut_y>1070</right_projective_leftbut_y>

    <right_projective_righttop_x>1050</right_projective_righttop_x>

    <right_projective_righttop_y>-1050</right_projective_righttop_y>

    <right_projective_rightbut_x>450</right_projective_rightbut_x>

    <right_projective_rightbut_y>-1050</right_projective_rightbut_y>


</opencv_storage>
