<?xml version="1.0"?>
<opencv_storage>

<version_name> 1 </version_name>    <!-- 新版更改外参矩阵顺序 liuli[01/14] -->

<run_directory> /home/tangshuaishuai/intesight/calibration_tool/transform/LUT/lut_MG_2019_01_21/</run_directory>


<!-- 前相机内参和畸变 -->
<front_K type_id="opencv-matrix">
    <rows>3</rows>
    <cols>3</cols>
    <dt>d</dt>
    <data>
        335.174026105    0.000000000  644.877744797
        0.000000000  332.936672384  357.642965902
        0.000000000    0.000000000    1.000000000</data></front_K>

<front_D type_id="opencv-matrix">
    <rows>4</rows>
    <cols>1</cols>
    <dt>d</dt>
    <data>
        0.005253021
        0.051652161
        -0.010421021
        -0.000857132 </data></front_D>

<!-- 后相机内参和畸变 -->
<back_K type_id="opencv-matrix">
    <rows>3</rows>
    <cols>3</cols>
    <dt>d</dt>
    <data>
        337.336643563    0.000000000  640.332313793
        0.000000000  336.628986063  357.903398933
        0.000000000    0.000000000    1.000000000</data></back_K>

<back_D type_id="opencv-matrix">
    <rows>4</rows>
    <cols>1</cols>
    <dt>d</dt>
    <data>
        0.005859467
        0.049978343
        -0.011087455
        -0.000521900</data></back_D>

<!-- 左相机内参和畸变 -->
<left_K type_id="opencv-matrix">
    <rows>3</rows>
    <cols>3</cols>
    <dt>d</dt>
    <data>
        338.622654337    0.000000000  640.452223933
        0.000000000  336.597234635  351.901336732
        0.000000000    0.000000000    1.000000000</data></left_K>

<left_D type_id="opencv-matrix">
    <rows>4</rows>
    <cols>1</cols>
    <dt>d</dt>
    <data>
        -0.008143353
        0.069047892
        -0.019662597
        0.000900123</data></left_D>

<!-- 右相机内参和畸变 -->
<right_K type_id="opencv-matrix">
    <rows>3</rows>
    <cols>3</cols>
    <dt>d</dt>
    <data>
        335.497339527    0.000000000  643.644145849
        0.000000000  333.871532241  349.777913437
        0.000000000    0.000000000    1.000000000</data></right_K>

<right_D type_id="opencv-matrix">
    <rows>4</rows>
    <cols>1</cols>
    <dt>d</dt>
    <data>
        0.006818572
        0.052506782
        -0.011456734
        -0.000617698</data></right_D>



<!-- 前相机外参 -->
<front_trans type_id="opencv-matrix">
    <rows>3</rows>
    <cols>4</cols>
    <dt>d</dt>
    <data>
        -0.048984648   -0.576306947   -0.815763941 2492.139673439
        0.998753828   -0.036076046   -0.034486360  140.912329707
        0.009554809    0.816436661   -0.577355942 -2636.471033772</data></front_trans>

<!-- 后相机外参 -->
<back_trans type_id="opencv-matrix">
    <rows>3</rows>
    <cols>4</cols>
    <dt>d</dt>
    <data>
        0.027442263    0.522837682   -0.851990423 1264.462094074
        -0.999591524    0.007547396   -0.027564852  109.237385115
        0.007981634   -0.852398848   -0.522831233 -319.163398407</data></back_trans>


<!-- 左相机外参 -->
<left_trans type_id="opencv-matrix">
    <rows>3</rows>
    <cols>4</cols>
    <dt>d</dt>
    <data>
        0.739234524   -0.004434799   -0.673433479 1364.932828467
        0.025817266    0.999429861    0.021758264 -1955.440612607
        -0.672953035    0.033470671   -0.738927552  -30.283134590</data></left_trans>

<!-- 右相机外参 -->
<right_trans type_id="opencv-matrix">
    <rows>3</rows>
    <cols>4</cols>
    <dt>d</dt>
    <data>
        -0.673810245    0.055354899   -0.736828059 1230.066977401
        -0.076586465   -0.997051060   -0.004868050 2006.939836048
        0.734924668   -0.053150915   -0.676062655   46.590187701</data></right_trans>


<!-- 汽车标志颜色 -->
<B>0</B>
<G>0</G>
<R>0</R>

    <!--是否进行双线性插值-->
<DEBUG_bilinear>0</DEBUG_bilinear>

<!-- 透视矩阵偏移量  -->
<front_matrix_rowoffset>100</front_matrix_rowoffset>
<front_matrix_coloffset>100</front_matrix_coloffset>

<rear_matrix_rowoffset>10</rear_matrix_rowoffset>
<rear_matrix_coloffset>100</rear_matrix_coloffset>

<left_matrix_rowoffset>0</left_matrix_rowoffset>
<left_matrix_coloffset>50</left_matrix_coloffset>

<right_matrix_rowoffset>70</right_matrix_rowoffset>
<right_matrix_coloffset>0</right_matrix_coloffset>

<!-- 前后左右视野 -->
<front_word_view>8000</front_word_view>

<rear_world_view>8000</rear_world_view>

<left_world_view>9404</left_world_view>

<right_world_view>9404</right_world_view>


<!-- 汽车宽度 -->
<car_world_width>1804</car_world_width>
<!-- 汽车长度 -->
<car_world_height>4612</car_world_height>
<!-- 后轴中心到车前距离 -->
<car_axle_coord>3594</car_axle_coord>


<!-- 俯视展开左侧像素的高度-->
<left_pixel_height>512</left_pixel_height>


<!-- 透视标注用物理范围框,具体数值以相机为坐标原点,相机离坐标原点，车辆后轴中心在y轴上的距离 -->
<right_cam_height_y>1928</right_cam_height_y>

<left_cam_height_y>1928</left_cam_height_y>

<!-- front 以相机位置位坐标原点，光心往外为y正方向,相机往右前方向为x正方向 -->
<front_projective_lefttop_x>-1970</front_projective_lefttop_x>

<front_projective_lefttop_y>965</front_projective_lefttop_y>

<front_projective_leftbut_x>-1970</front_projective_leftbut_x>

<front_projective_leftbut_y>365</front_projective_leftbut_y>

<front_projective_righttop_x>1970</front_projective_righttop_x>

<front_projective_righttop_y>965</front_projective_righttop_y>

<front_projective_rightbut_x>1970</front_projective_rightbut_x>

<front_projective_rightbut_y>365</front_projective_rightbut_y>

<!-- rear 以相机位置位坐标原点，光心往外为y正方向,相机往右前方向为x正方向 -->
<rear_projective_lefttop_x>-1970</rear_projective_lefttop_x>

<rear_projective_lefttop_y>965</rear_projective_lefttop_y>

<rear_projective_leftbut_x>-1970</rear_projective_leftbut_x>

<rear_projective_leftbut_y>365</rear_projective_leftbut_y>

<rear_projective_righttop_x>1970</rear_projective_righttop_x>

<rear_projective_righttop_y>965</rear_projective_righttop_y>

<rear_projective_rightbut_x>1970</rear_projective_rightbut_x>

<rear_projective_rightbut_y>365</rear_projective_rightbut_y>

<!-- left 以相机位置位坐标原点，光心往外为x正方向,相机往车前方向为y正方向 -->
<left_projective_lefttop_x>1050</left_projective_lefttop_x>

<left_projective_lefttop_y>-1050</left_projective_lefttop_y>

<left_projective_leftbut_x>450</left_projective_leftbut_x>

<left_projective_leftbut_y>-1050</left_projective_leftbut_y>

<left_projective_righttop_x>1050</left_projective_righttop_x>

<left_projective_righttop_y>1760</left_projective_righttop_y>

<left_projective_rightbut_x>450</left_projective_rightbut_x>

<left_projective_rightbut_y>1760</left_projective_rightbut_y>

<!-- right 以相机位置坐标原点，光心往外为x正方向,相机往车前方向为y正方向 -->
    <right_projective_lefttop_x>1050</right_projective_lefttop_x>

    <right_projective_lefttop_y>1070</right_projective_lefttop_y>

    <right_projective_leftbut_x>450</right_projective_leftbut_x>

    <right_projective_leftbut_y>1070</right_projective_leftbut_y>

    <right_projective_righttop_x>1050</right_projective_righttop_x>

    <right_projective_righttop_y>-1050</right_projective_righttop_y>

    <right_projective_rightbut_x>450</right_projective_rightbut_x>

    <right_projective_rightbut_y>-1050</right_projective_rightbut_y>


</opencv_storage>
